MAX30009reg0x17,MAX30009reg0x18,MAX30009reg0x19,MAX30009reg0x1A,MAX30009reg0x20,MAX30009reg0x21,MAX30009reg0x22,MAX30009reg0x23,MAX30009reg0x24,MAX30009reg0x25,MAX30009reg0x26,MAX30009reg0x27,MAX30009reg0x28,MAX30009reg0x41,MAX30009reg0x41,MAX30009reg0x43,MAX30009reg0x44,MAX30009reg0x50,
MAX30009reg0x51,MAX30009reg0x58,MAX30009reg0xFE,MAX30009reg0xFF,0,0,accelID,fileParseID,0,0,RTCpreScale,WallClock_B3,WallClock_B2,WallClock_B1,WallClock_B0,UseAcc,WallClock_B5,WallClock_B4,
0xc9,0x1f,0x01,0x00,0x37,0x00,0x28,0x00,0x73,0x4a,0x00,0xff,0x02,0x06,0x01,0xa0,0xf1,0x00,
0x00,0x07,0x03,0x42,0x00,0x00,0x00,0x00,0x00,0x00,0x1f,0x2a,0x9a,0x4e,0x2e,0x00,0x01,0x8e,
start time,1710111739438
timestamp,sampleNum,BIOZI,BIOZQ,temperature,RTC,statusCache1,statusCache0,sensor,regAddr,val,I2Caddr,
1710111739468.207500,1,28025.000000,11479.000000,,,,,,,,,
1710111739478.415300,2,82774.000000,-6576.000000,,,,,,,,,
1710111739488.622800,3,98605.000000,-10667.000000,,,,,,,,,
1710111739498.830600,4,98542.000000,-10668.000000,,,,,,,,,
1710111739509.038100,5,98540.000000,-10737.000000,,,,,,,,,
1710111739519.245600,6,98668.000000,-10786.000000,,,,,,,,,
1710111739529.453400,7,98686.000000,-10759.000000,,,,,,,,,
1710111739539.660900,8,98560.000000,-10811.000000,,,,,,,,,
1710111739549.868700,9,98558.000000,-10807.000000,,,,,,,,,
1710111739560.076200,10,98576.000000,-10794.000000,,,,,,,,,
1710111739570.283700,11,98618.000000,-10760.000000,,,,,,,,,
1710111739580.491500,12,98569.000000,-10723.000000,,,,,,,,,
1710111739590.699000,13,98585.000000,-10653.000000,,,,,,,,,
1710111739600.906700,14,98568.000000,-10751.000000,,,,,,,,,
1710111739611.114300,15,98520.000000,-10810.000000,0.000000,366,5,0,,,,,
1710111739621.321800,16,98602.000000,-10716.000000,,,,,,,,,
1710111739631.529500,17,98543.000000,-10687.000000,,,,,,,,,
1710111739641.737100,18,98650.000000,-10745.000000,,,,,,,,,
1710111739651.944800,19,98696.000000,-10711.000000,,,,,,,,,
1710111739662.152300,20,98673.000000,-10645.000000,,,,,,,,,
1710111739672.359900,21,98585.000000,-10711.000000,,,,,,,,,
1710111739682.567600,22,98539.000000,-10844.000000,,,,,,,,,
1710111739692.775100,23,98525.000000,-10649.000000,,,,,,,,,
1710111739702.982900,24,98524.000000,-10620.000000,,,,,,,,,
1710111739713.190400,25,98593.000000,-10788.000000,,,,,,,,,
1710111739723.397900,26,98562.000000,-10757.000000,,,,,,,,,
1710111739733.605700,27,98583.000000,-10769.000000,,,,,,,,,
1710111739743.813200,28,98709.000000,-10803.000000,,,,,,,,,
1710111739754.021000,29,98711.000000,-10645.000000,,,,,,,,,
1710111739764.228500,30,98682.000000,-10578.000000,,,,,,,,,
1710111739774.436000,31,98665.000000,-10721.000000,,,,,,,,,
1710111739784.643800,32,98693.000000,-10684.000000,,,,,,,,,
1710111739794.851300,33,98617.000000,-10803.000000,,,,,,,,,
1710111739805.059100,34,98662.000000,-10793.000000,,,,,,,,,
1710111739815.266600,35,98574.000000,-10795.000000,,,,,,,,,
1710111739825.474100,36,98570.000000,-10720.000000,,,,,,,,,
1710111739835.681900,37,98585.000000,-10755.000000,,,,,,,,,
1710111739845.889400,38,98527.000000,-10705.000000,,,,,,,,,
1710111739856.097200,39,98505.000000,-10707.000000,,,,,,,,,
1710111739866.304700,40,98720.000000,-10834.000000,,,,,,,,,
1710111739876.512200,41,98758.000000,-10771.000000,,,,,,,,,
1710111739886.720000,42,98622.000000,-10663.000000,,,,,,,,,
1710111739896.927500,43,98621.000000,-10671.000000,,,,,,,,,
1710111739907.135000,44,98633.000000,-10777.000000,,,,,,,,,
1710111739917.342800,45,98641.000000,-10796.000000,,,,,,,,,
1710111739927.550300,46,98682.000000,-10683.000000,,,,,,,,,
1710111739937.758100,47,98588.000000,-10626.000000,,,,,,,,,
1710111739947.965600,48,98604.000000,-10677.000000,,,,,,,,,
1710111739958.173100,49,98594.000000,-10665.000000,,,,,,,,,
1710111739968.380900,50,98588.000000,-10830.000000,,,,,,,,,
1710111739978.588400,51,98705.000000,-10722.000000,,,,,,,,,
1710111739988.796100,52,98731.000000,-10722.000000,,,,,,,,,
1710111739999.003700,53,98628.000000,-10747.000000,,,,,,,,,
1710111740009.211200,54,98503.000000,-10639.000000,,,,,,,,,
1710111740019.418900,55,98494.000000,-10634.000000,,,,,,,,,
1710111740029.626500,56,98646.000000,-10705.000000,,,,,,,,,
1710111740039.834200,57,98464.000000,-10659.000000,,,,,,,,,
1710111740050.041700,58,98513.000000,-10657.000000,,,,,,,,,
1710111740060.249300,59,98577.000000,-10734.000000,,,,,,,,,
1710111740070.457000,60,98548.000000,-10816.000000,,,,,,,,,
1710111740080.664600,61,98490.000000,-10786.000000,,,,,,,,,
1710111740090.872300,62,98388.000000,-10875.000000,,,,,,,,,
1710111740101.079800,63,98502.000000,-10824.000000,,,,,,,,,
1710111740111.287400,64,98575.000000,-10713.000000,,,,,,,,,
1710111740121.495100,65,98598.000000,-10734.000000,,,,,,,,,
1710111740131.702600,66,98390.000000,-10770.000000,,,,,,,,,
1710111740141.910400,67,98457.000000,-10695.000000,,,,,,,,,
1710111740152.117900,68,98469.000000,-10615.000000,,,,,,,,,
1710111740162.325400,69,98403.000000,-10717.000000,,,,,,,,,
1710111740172.533200,70,98461.000000,-10691.000000,,,,,,,,,
1710111740182.740700,71,98537.000000,-10752.000000,,,,,,,,,
1710111740192.948500,72,98537.000000,-10717.000000,,,,,,,,,
1710111740203.156000,73,98578.000000,-10740.000000,,,,,,,,,
1710111740213.363500,74,98527.000000,-10738.000000,,,,,,,,,
1710111740223.571300,75,98488.000000,-10688.000000,,,,,,,,,
1710111740233.778800,76,98556.000000,-10649.000000,,,,,,,,,
1710111740243.986600,77,98525.000000,-10776.000000,,,,,,,,,
1710111740254.194100,78,98569.000000,-10665.000000,,,,,,,,,
1710111740264.401600,79,98604.000000,-10650.000000,,,,,,,,,
1710111740274.609400,80,98419.000000,-10657.000000,,,,,,,,,
1710111740284.816900,81,98403.000000,-10624.000000,,,,,,,,,
1710111740295.024700,82,98483.000000,-10691.000000,,,,,,,,,
1710111740305.232200,83,98482.000000,-10652.000000,,,,,,,,,
1710111740315.439700,84,98514.000000,-10634.000000,,,,,,,,,
1710111740325.647500,85,98508.000000,-10669.000000,,,,,,,,,
1710111740335.855000,86,98501.000000,-10605.000000,,,,,,,,,
1710111740346.062700,87,98650.000000,-10496.000000,,,,,,,,,
1710111740356.270300,88,98645.000000,-10660.000000,,,,,,,,,
1710111740366.477800,89,98432.000000,-10658.000000,,,,,,,,,
1710111740376.685500,90,98398.000000,-10697.000000,,,,,,,,,
1710111740386.893100,91,98538.000000,-10720.000000,,,,,,,,,
1710111740397.100800,92,98597.000000,-10780.000000,,,,,,,,,
1710111740407.308300,93,98598.000000,-10780.000000,,,,,,,,,
1710111740417.515900,94,98518.000000,-10778.000000,,,,,,,,,
1710111740427.723600,95,98515.000000,-10703.000000,,,,,,,,,
1710111740437.931200,96,98637.000000,-10591.000000,,,,,,,,,
1710111740448.138900,97,98611.000000,-10658.000000,,,,,,,,,
1710111740458.346400,98,98582.000000,-10781.000000,,,,,,,,,
1710111740468.554000,99,98609.000000,-10613.000000,,,,,,,,,
1710111740478.761700,100,98657.000000,-10617.000000,,,,,,,,,
1710111740488.969200,101,98747.000000,-10647.000000,,,,,,,,,
1710111740499.177000,102,98649.000000,-10650.000000,,,,,,,,,
1710111740509.384500,103,98619.000000,-10735.000000,,,,,,,,,
1710111740519.592000,104,98588.000000,-10656.000000,,,,,,,,,
1710111740529.799800,105,98515.000000,-10758.000000,,,,,,,,,
1710111740540.007300,106,98520.000000,-10692.000000,,,,,,,,,
1710111740550.215100,107,98624.000000,-10717.000000,,,,,,,,,
1710111740560.422600,108,98588.000000,-10750.000000,,,,,,,,,
1710111740570.630100,109,98598.000000,-10719.000000,,,,,,,,,
1710111740580.837900,110,98686.000000,-10758.000000,,,,,,,,,
1710111740591.045400,111,98671.000000,-10772.000000,,,,,,,,,
1710111740601.253200,112,98516.000000,-10783.000000,,,,,,,,,
1710111740611.460700,113,98560.000000,-10792.000000,,,,,,,,,
1710111740621.668200,114,98578.000000,-10699.000000,0.000000,1401,5,0,,,,,
1710111740631.876000,115,98553.000000,-10793.000000,,,,,,,,,
1710111740642.083500,116,98534.000000,-10631.000000,,,,,,,,,
1710111740652.291300,117,98590.000000,-10607.000000,,,,,,,,,
1710111740662.498800,118,98553.000000,-10711.000000,,,,,,,,,
1710111740672.706300,119,98569.000000,-10746.000000,,,,,,,,,
1710111740682.914100,120,98654.000000,-10815.000000,,,,,,,,,
1710111740693.121600,121,98570.000000,-10734.000000,,,,,,,,,
1710111740703.329300,122,98514.000000,-10749.000000,,,,,,,,,
1710111740713.536900,123,98525.000000,-10812.000000,,,,,,,,,
1710111740723.744400,124,98505.000000,-10789.000000,,,,,,,,,
1710111740733.952100,125,98493.000000,-10639.000000,,,,,,,,,
1710111740744.159700,126,98572.000000,-10750.000000,,,,,,,,,
1710111740754.367200,127,98639.000000,-10828.000000,,,,,,,,,
1710111740764.575000,128,98652.000000,-10837.000000,,,,,,,,,
1710111740774.782500,129,98597.000000,-10749.000000,,,,,,,,,
1710111740784.990200,130,98565.000000,-10720.000000,,,,,,,,,
1710111740795.197800,131,98463.000000,-10695.000000,,,,,,,,,
1710111740805.405300,132,98559.000000,-10631.000000,,,,,,,,,
1710111740815.613000,133,98659.000000,-10814.000000,,,,,,,,,
1710111740825.820600,134,98643.000000,-10607.000000,,,,,,,,,
1710111740836.028300,135,98552.000000,-10680.000000,,,,,,,,,
1710111740846.235800,136,98595.000000,-10767.000000,,,,,,,,,
1710111740856.443400,137,98536.000000,-10780.000000,,,,,,,,,
1710111740866.651100,138,98550.000000,-10728.000000,,,,,,,,,
1710111740876.858600,139,98614.000000,-10904.000000,,,,,,,,,
1710111740887.066400,140,98472.000000,-10797.000000,,,,,,,,,
1710111740897.273900,141,98492.000000,-10971.000000,,,,,,,,,
1710111740907.481400,142,98488.000000,-10846.000000,,,,,,,,,
1710111740917.689200,143,98518.000000,-10740.000000,,,,,,,,,
1710111740927.896700,144,98457.000000,-10738.000000,,,,,,,,,
1710111740938.104500,145,98629.000000,-10765.000000,,,,,,,,,
1710111740948.312000,146,98628.000000,-10781.000000,,,,,,,,,
1710111740958.519500,147,98669.000000,-10756.000000,,,,,,,,,
1710111740968.727300,148,98566.000000,-10774.000000,,,,,,,,,
1710111740978.934800,149,98551.000000,-10917.000000,,,,,,,,,
1710111740989.142600,150,98593.000000,-10825.000000,,,,,,,,,
1710111740999.350100,151,98536.000000,-10730.000000,,,,,,,,,
1710111741009.557600,152,98433.000000,-10705.000000,,,,,,,,,
1710111741019.765400,153,98414.000000,-10615.000000,,,,,,,,,
1710111741029.972900,154,98326.000000,-10579.000000,,,,,,,,,
1710111741040.180700,155,98392.000000,-10665.000000,,,,,,,,,
1710111741050.388200,156,98462.000000,-10597.000000,,,,,,,,,
1710111741060.595700,157,98413.000000,-10674.000000,,,,,,,,,
1710111741070.803500,158,98413.000000,-10727.000000,,,,,,,,,
1710111741081.011000,159,98445.000000,-10688.000000,,,,,,,,,
1710111741091.218700,160,98304.000000,-10668.000000,,,,,,,,,
1710111741101.426300,161,98508.000000,-10681.000000,,,,,,,,,
1710111741111.633800,162,98507.000000,-10679.000000,,,,,,,,,
1710111741121.841600,163,98506.000000,-10659.000000,,,,,,,,,
1710111741132.049100,164,98697.000000,-10680.000000,,,,,,,,,
1710111741142.256800,165,98567.000000,-10601.000000,,,,,,,,,
1710111741152.464400,166,98594.000000,-10580.000000,,,,,,,,,
1710111741162.671900,167,98453.000000,-10699.000000,,,,,,,,,
1710111741172.879600,168,98387.000000,-10667.000000,,,,,,,,,
1710111741183.087200,169,98386.000000,-10678.000000,,,,,,,,,
1710111741193.294900,170,98457.000000,-10659.000000,,,,,,,,,
1710111741203.502400,171,98388.000000,-10629.000000,,,,,,,,,
1710111741213.710000,172,98478.000000,-10784.000000,,,,,,,,,
1710111741223.917700,173,98460.000000,-10950.000000,,,,,,,,,
1710111741234.125200,174,98463.000000,-10738.000000,,,,,,,,,
1710111741244.333000,175,98637.000000,-10779.000000,,,,,,,,,
1710111741254.540500,176,98534.000000,-10782.000000,,,,,,,,,
1710111741264.748000,177,98654.000000,-10631.000000,,,,,,,,,
1710111741274.955800,178,98641.000000,-10540.000000,,,,,,,,,
1710111741285.163300,179,98504.000000,-10764.000000,,,,,,,,,
1710111741295.371100,180,98435.000000,-10725.000000,,,,,,,,,
1710111741305.578600,181,98551.000000,-10784.000000,,,,,,,,,
1710111741315.786100,182,98452.000000,-10765.000000,,,,,,,,,
1710111741325.993900,183,98426.000000,-10624.000000,,,,,,,,,
1710111741336.201400,184,98435.000000,-10657.000000,,,,,,,,,
1710111741346.409200,185,98393.000000,-10671.000000,,,,,,,,,
1710111741356.616700,186,98516.000000,-10578.000000,,,,,,,,,
1710111741366.824200,187,98629.000000,-10673.000000,,,,,,,,,
1710111741377.032000,188,98514.000000,-10766.000000,,,,,,,,,
1710111741387.239500,189,98427.000000,-10629.000000,,,,,,,,,
1710111741397.447300,190,98592.000000,-10773.000000,,,,,,,,,
1710111741407.654800,191,98528.000000,-10706.000000,,,,,,,,,
1710111741417.862300,192,98433.000000,-10661.000000,,,,,,,,,
1710111741428.070100,193,98491.000000,-10776.000000,,,,,,,,,
1710111741438.277600,194,98498.000000,-10666.000000,,,,,,,,,
1710111741448.485400,195,98459.000000,-10748.000000,,,,,,,,,
1710111741458.692900,196,98471.000000,-10732.000000,,,,,,,,,
1710111741468.900400,197,98482.000000,-10616.000000,,,,,,,,,
1710111741479.108200,198,98525.000000,-10638.000000,,,,,,,,,
1710111741489.315700,199,98536.000000,-10588.000000,,,,,,,,,
1710111741499.523400,200,98594.000000,-10616.000000,,,,,,,,,
1710111741509.731000,201,98603.000000,-10595.000000,,,,,,,,,
1710111741519.938500,202,98583.000000,-10513.000000,,,,,,,,,
1710111741530.146200,203,98660.000000,-10705.000000,,,,,,,,,
1710111741540.353800,204,98622.000000,-10721.000000,,,,,,,,,
1710111741550.561300,205,98504.000000,-10727.000000,,,,,,,,,
1710111741560.769000,206,98602.000000,-10777.000000,,,,,,,,,
1710111741570.976600,207,98543.000000,-10782.000000,,,,,,,,,
1710111741581.184300,208,98517.000000,-10731.000000,,,,,,,,,
1710111741591.391800,209,98571.000000,-10651.000000,,,,,,,,,
1710111741601.599400,210,98486.000000,-10675.000000,0.000000,2404,7,0,,,,,
1710111741611.807100,211,98504.000000,-10737.000000,,,,,,,,,
1710111741622.014600,212,98553.000000,-10689.000000,,,,,,,,,
1710111741632.222400,213,98480.000000,-10790.000000,,,,,,,,,
1710111741642.429900,214,98593.000000,-10733.000000,,,,,,,,,
1710111741652.637500,215,98550.000000,-10727.000000,,,,,,,,,
1710111741662.845200,216,98519.000000,-10742.000000,,,,,,,,,
1710111741673.052700,217,98609.000000,-10782.000000,,,,,,,,,
1710111741683.260500,218,98467.000000,-10754.000000,,,,,,,,,
1710111741693.468000,219,98552.000000,-10816.000000,,,,,,,,,
1710111741703.675500,220,98546.000000,-10689.000000,,,,,,,,,
1710111741713.883300,221,98662.000000,-10805.000000,,,,,,,,,
1710111741724.090800,222,98594.000000,-10677.000000,,,,,,,,,
1710111741734.298600,223,98568.000000,-10672.000000,,,,,,,,,
1710111741744.506100,224,98654.000000,-10713.000000,,,,,,,,,
1710111741754.713600,225,98630.000000,-10672.000000,,,,,,,,,
1710111741764.921400,226,98678.000000,-10652.000000,,,,,,,,,
1710111741775.128900,227,98625.000000,-10712.000000,,,,,,,,,
1710111741785.336700,228,98544.000000,-10739.000000,,,,,,,,,
1710111741795.544200,229,98598.000000,-10700.000000,,,,,,,,,
1710111741805.751700,230,98648.000000,-10720.000000,,,,,,,,,
1710111741815.959500,231,98668.000000,-10733.000000,,,,,,,,,
1710111741826.167000,232,98499.000000,-10494.000000,,,,,,,,,
1710111741836.374800,233,98510.000000,-10585.000000,,,,,,,,,
1710111741846.582300,234,98445.000000,-10754.000000,,,,,,,,,
1710111741856.789800,235,98490.000000,-10677.000000,,,,,,,,,
1710111741866.997600,236,98471.000000,-10683.000000,,,,,,,,,
1710111741877.205100,237,98321.000000,-10795.000000,,,,,,,,,
1710111741887.412800,238,98387.000000,-10830.000000,,,,,,,,,
1710111741897.620400,239,98371.000000,-10931.000000,,,,,,,,,
1710111741907.827900,240,98418.000000,-10747.000000,,,,,,,,,
1710111741918.035600,241,98417.000000,-10714.000000,,,,,,,,,
1710111741928.243200,242,98412.000000,-10828.000000,,,,,,,,,
1710111741938.450900,243,98474.000000,-10893.000000,,,,,,,,,
1710111741948.658400,244,98416.000000,-10722.000000,,,,,,,,,
1710111741958.866000,245,98429.000000,-10660.000000,,,,,,,,,
1710111741969.073700,246,98414.000000,-10620.000000,,,,,,,,,
1710111741979.281200,247,98377.000000,-10725.000000,,,,,,,,,
1710111741989.489000,248,98449.000000,-10768.000000,,,,,,,,,
1710111741999.696500,249,98577.000000,-10653.000000,,,,,,,,,
1710111742009.904100,250,98560.000000,-10671.000000,,,,,,,,,
1710111742020.111800,251,98473.000000,-10755.000000,,,,,,,,,
1710111742030.319300,252,98492.000000,-10655.000000,,,,,,,,,
1710111742040.527100,253,98596.000000,-10495.000000,,,,,,,,,
1710111742050.734600,254,98422.000000,-10683.000000,,,,,,,,,
1710111742060.942100,255,98352.000000,-10677.000000,,,,,,,,,
1710111742071.149900,256,98477.000000,-10654.000000,,,,,,,,,
1710111742081.357400,257,98637.000000,-10744.000000,,,,,,,,,
1710111742091.565200,258,98506.000000,-10901.000000,,,,,,,,,
1710111742101.772700,259,98489.000000,-10706.000000,,,,,,,,,
1710111742111.980200,260,98593.000000,-10767.000000,,,,,,,,,
1710111742122.188000,261,98589.000000,-10640.000000,,,,,,,,,
1710111742132.395500,262,98680.000000,-10694.000000,,,,,,,,,
1710111742142.603300,263,98596.000000,-10667.000000,,,,,,,,,
1710111742152.810800,264,98596.000000,-10536.000000,,,,,,,,,
1710111742163.018300,265,98503.000000,-10636.000000,,,,,,,,,
1710111742173.226100,266,98466.000000,-10632.000000,,,,,,,,,
1710111742183.433600,267,98577.000000,-10687.000000,,,,,,,,,
1710111742193.641400,268,98613.000000,-10788.000000,,,,,,,,,
1710111742203.848900,269,98655.000000,-10693.000000,,,,,,,,,
1710111742214.056400,270,98493.000000,-10727.000000,,,,,,,,,
1710111742224.264200,271,98516.000000,-10765.000000,,,,,,,,,
1710111742234.471700,272,98476.000000,-10703.000000,,,,,,,,,
1710111742244.679400,273,98504.000000,-10689.000000,,,,,,,,,
1710111742254.887000,274,98651.000000,-10518.000000,,,,,,,,,
1710111742265.094500,275,98618.000000,-10655.000000,,,,,,,,,
1710111742275.302200,276,98476.000000,-10886.000000,,,,,,,,,
1710111742285.509800,277,98499.000000,-10792.000000,,,,,,,,,
1710111742295.717500,278,98489.000000,-10694.000000,,,,,,,,,
1710111742305.925000,279,98469.000000,-10627.000000,,,,,,,,,
1710111742316.132600,280,98476.000000,-10730.000000,,,,,,,,,
1710111742326.340300,281,98455.000000,-10761.000000,,,,,,,,,
1710111742336.547900,282,98444.000000,-10630.000000,,,,,,,,,
1710111742346.755600,283,98536.000000,-10508.000000,,,,,,,,,
1710111742356.963100,284,98537.000000,-10516.000000,,,,,,,,,
1710111742367.170700,285,98460.000000,-10603.000000,,,,,,,,,
1710111742377.378400,286,98475.000000,-10656.000000,,,,,,,,,
1710111742387.585900,287,98610.000000,-10611.000000,,,,,,,,,
1710111742397.793500,288,98529.000000,-10622.000000,,,,,,,,,
1710111742408.001200,289,98418.000000,-10661.000000,,,,,,,,,
1710111742418.208700,290,98381.000000,-10780.000000,,,,,,,,,
1710111742428.416500,291,98561.000000,-10641.000000,,,,,,,,,
1710111742438.624000,292,98398.000000,-10665.000000,,,,,,,,,
1710111742448.831500,293,98466.000000,-10728.000000,,,,,,,,,
1710111742459.039300,294,98531.000000,-10671.000000,,,,,,,,,
1710111742469.246800,295,98478.000000,-10737.000000,,,,,,,,,
1710111742479.454600,296,98514.000000,-10833.000000,,,,,,,,,
1710111742489.662100,297,98507.000000,-10692.000000,,,,,,,,,
1710111742499.869600,298,98427.000000,-10730.000000,,,,,,,,,
1710111742510.077400,299,98351.000000,-10825.000000,,,,,,,,,
1710111742520.284900,300,98412.000000,-10784.000000,,,,,,,,,
1710111742530.492700,301,98528.000000,-10682.000000,,,,,,,,,
1710111742540.700200,302,98544.000000,-10684.000000,,,,,,,,,
1710111742550.907700,303,98411.000000,-10741.000000,,,,,,,,,
1710111742561.115500,304,98435.000000,-10817.000000,,,,,,,,,
1710111742571.323000,305,98509.000000,-10737.000000,,,,,,,,,
1710111742581.530800,306,98595.000000,-10800.000000,,,,,,,,,
1710111742591.738300,307,98625.000000,-10666.000000,,,,,,,,,
1710111742601.945800,308,98528.000000,-10673.000000,,,,,,,,,
1710111742612.153600,309,98443.000000,-10789.000000,0.000000,3439,7,0,,,,,
1710111742622.361100,310,98551.000000,-10833.000000,,,,,,,,,
1710111742632.568800,311,98519.000000,-10800.000000,,,,,,,,,
1710111742642.776400,312,98459.000000,-10677.000000,,,,,,,,,
1710111742652.983900,313,98553.000000,-10552.000000,,,,,,,,,
1710111742663.191700,314,98584.000000,-10757.000000,,,,,,,,,
1710111742673.399200,315,98449.000000,-10736.000000,,,,,,,,,
1710111742683.606900,316,98456.000000,-10747.000000,,,,,,,,,
1710111742693.814500,317,98344.000000,-10787.000000,,,,,,,,,
1710111742704.022000,318,98412.000000,-10667.000000,,,,,,,,,
1710111742714.229700,319,98466.000000,-10598.000000,,,,,,,,,
1710111742724.437300,320,98442.000000,-10655.000000,,,,,,,,,
1710111742734.645000,321,98453.000000,-10731.000000,,,,,,,,,
1710111742744.852500,322,98515.000000,-10684.000000,,,,,,,,,
1710111742755.060100,323,98582.000000,-10657.000000,,,,,,,,,
1710111742765.267800,324,98563.000000,-10941.000000,,,,,,,,,
1710111742775.475300,325,98568.000000,-10787.000000,,,,,,,,,
1710111742785.683100,326,98446.000000,-10678.000000,,,,,,,,,
1710111742795.890600,327,98271.000000,-10833.000000,,,,,,,,,
1710111742806.098100,328,98427.000000,-10705.000000,,,,,,,,,
1710111742816.305900,329,98494.000000,-10637.000000,,,,,,,,,
1710111742826.513400,330,98466.000000,-10674.000000,,,,,,,,,
1710111742836.721200,331,98474.000000,-10589.000000,,,,,,,,,
1710111742846.928700,332,98562.000000,-10709.000000,,,,,,,,,
1710111742857.136200,333,98660.000000,-10743.000000,,,,,,,,,
1710111742867.344000,334,98517.000000,-10859.000000,,,,,,,,,
1710111742877.551500,335,98454.000000,-10778.000000,,,,,,,,,
1710111742887.759300,336,98388.000000,-10724.000000,,,,,,,,,
1710111742897.966800,337,98279.000000,-10716.000000,,,,,,,,,
1710111742908.174300,338,98459.000000,-10597.000000,,,,,,,,,
1710111742918.382100,339,98430.000000,-10567.000000,,,,,,,,,
1710111742928.589600,340,98374.000000,-10582.000000,,,,,,,,,
1710111742938.797400,341,98533.000000,-10603.000000,,,,,,,,,
1710111742949.004900,342,98481.000000,-10754.000000,,,,,,,,,
1710111742959.212400,343,98598.000000,-10793.000000,,,,,,,,,
1710111742969.420200,344,98480.000000,-10648.000000,,,,,,,,,
1710111742979.627700,345,98362.000000,-10731.000000,,,,,,,,,
1710111742989.835400,346,98557.000000,-10792.000000,,,,,,,,,
1710111743000.043000,347,98627.000000,-10678.000000,,,,,,,,,
1710111743010.250500,348,98556.000000,-10612.000000,,,,,,,,,
1710111743020.458300,349,98596.000000,-10771.000000,,,,,,,,,
1710111743030.665800,350,98539.000000,-10796.000000,,,,,,,,,
1710111743040.873500,351,98499.000000,-10758.000000,,,,,,,,,
1710111743051.081100,352,98500.000000,-10800.000000,,,,,,,,,
1710111743061.288600,353,98338.000000,-10729.000000,,,,,,,,,
1710111743071.496300,354,98332.000000,-10665.000000,,,,,,,,,
1710111743081.703900,355,98335.000000,-10687.000000,,,,,,,,,
1710111743091.911600,356,98472.000000,-10590.000000,,,,,,,,,
1710111743102.119100,357,98375.000000,-10572.000000,,,,,,,,,
1710111743112.326700,358,98502.000000,-10570.000000,,,,,,,,,
1710111743122.534400,359,98467.000000,-10667.000000,,,,,,,,,
1710111743132.741900,360,98529.000000,-10857.000000,,,,,,,,,
1710111743142.949700,361,98443.000000,-10772.000000,,,,,,,,,
1710111743153.157200,362,98572.000000,-10588.000000,,,,,,,,,
1710111743163.364700,363,98425.000000,-10795.000000,,,,,,,,,
1710111743173.572500,364,98432.000000,-10776.000000,,,,,,,,,
1710111743183.780000,365,98467.000000,-10862.000000,,,,,,,,,
1710111743193.987800,366,98439.000000,-10648.000000,,,,,,,,,
1710111743204.195300,367,98413.000000,-10610.000000,,,,,,,,,
1710111743214.402800,368,98646.000000,-10702.000000,,,,,,,,,
1710111743224.610600,369,98449.000000,-10700.000000,,,,,,,,,
1710111743234.818100,370,98515.000000,-10649.000000,,,,,,,,,
1710111743245.025600,371,98511.000000,-10699.000000,,,,,,,,,
1710111743255.233400,372,98528.000000,-10805.000000,,,,,,,,,
1710111743265.440900,373,98418.000000,-10764.000000,,,,,,,,,
1710111743275.648700,374,98399.000000,-10707.000000,,,,,,,,,
1710111743285.856200,375,98564.000000,-10673.000000,,,,,,,,,
1710111743296.063700,376,98506.000000,-10751.000000,,,,,,,,,
1710111743306.271500,377,98474.000000,-10738.000000,,,,,,,,,
1710111743316.479000,378,98476.000000,-10763.000000,,,,,,,,,
1710111743326.686800,379,98441.000000,-10640.000000,,,,,,,,,
1710111743336.894300,380,98456.000000,-10661.000000,,,,,,,,,
1710111743347.101800,381,98544.000000,-10854.000000,,,,,,,,,
1710111743357.309600,382,98530.000000,-10719.000000,,,,,,,,,
1710111743367.517100,383,98469.000000,-10738.000000,,,,,,,,,
1710111743377.724900,384,98543.000000,-10878.000000,,,,,,,,,
1710111743387.932400,385,98605.000000,-10670.000000,,,,,,,,,
1710111743398.139900,386,98455.000000,-10671.000000,,,,,,,,,
1710111743408.347700,387,98431.000000,-10633.000000,,,,,,,,,
1710111743418.555200,388,98502.000000,-10667.000000,,,,,,,,,
1710111743428.762900,389,98492.000000,-10754.000000,,,,,,,,,
1710111743438.970500,390,98425.000000,-10716.000000,,,,,,,,,
1710111743449.178000,391,98425.000000,-10613.000000,,,,,,,,,
1710111743459.385700,392,98408.000000,-10635.000000,,,,,,,,,
1710111743469.593300,393,98305.000000,-10628.000000,,,,,,,,,
1710111743479.801000,394,98401.000000,-10638.000000,,,,,,,,,
1710111743490.008500,395,98487.000000,-10600.000000,,,,,,,,,
1710111743500.216100,396,98430.000000,-10518.000000,,,,,,,,,
1710111743510.423800,397,98391.000000,-10697.000000,,,,,,,,,
1710111743520.631300,398,98491.000000,-10667.000000,,,,,,,,,
1710111743530.839100,399,98476.000000,-10576.000000,,,,,,,,,
1710111743541.046600,400,98429.000000,-10628.000000,,,,,,,,,
1710111743551.254200,401,98341.000000,-10527.000000,,,,,,,,,
1710111743561.461900,402,98407.000000,-10729.000000,,,,,,,,,
1710111743571.669400,403,98402.000000,-10761.000000,,,,,,,,,
1710111743581.877200,404,98435.000000,-10648.000000,,,,,,,,,
1710111743592.084700,405,98327.000000,-10686.000000,,,,,,,,,
1710111743602.292200,406,98369.000000,-10813.000000,,,,,,,,,
1710111743612.500000,407,98345.000000,-10737.000000,,,,,,,,,
1710111743622.707500,408,98460.000000,-10687.000000,0.000000,4473,7,0,,,,,
1710111743632.915300,409,98356.000000,-10730.000000,,,,,,,,,
1710111743643.122800,410,98435.000000,-10736.000000,,,,,,,,,
1710111743653.330300,411,98656.000000,-10647.000000,,,,,,,,,
1710111743663.538100,412,98516.000000,-10601.000000,,,,,,,,,
1710111743673.745600,413,98540.000000,-10611.000000,,,,,,,,,
1710111743683.953400,414,98566.000000,-10646.000000,,,,,,,,,
1710111743694.160900,415,98615.000000,-10735.000000,,,,,,,,,
1710111743704.368400,416,98595.000000,-10749.000000,,,,,,,,,
1710111743714.576200,417,98580.000000,-10557.000000,,,,,,,,,
1710111743724.783700,418,98426.000000,-10645.000000,,,,,,,,,
1710111743734.991500,419,98470.000000,-10653.000000,,,,,,,,,
1710111743745.199000,420,98387.000000,-10742.000000,,,,,,,,,
1710111743755.406500,421,98535.000000,-10751.000000,,,,,,,,,
1710111743765.614300,422,98570.000000,-10775.000000,,,,,,,,,
1710111743775.821800,423,98439.000000,-10651.000000,,,,,,,,,
1710111743786.029500,424,98668.000000,-10660.000000,,,,,,,,,
1710111743796.237100,425,98441.000000,-10644.000000,,,,,,,,,
1710111743806.444600,426,98451.000000,-10729.000000,,,,,,,,,
1710111743816.652300,427,98501.000000,-10751.000000,,,,,,,,,
1710111743826.859900,428,98398.000000,-10777.000000,,,,,,,,,
1710111743837.067600,429,98529.000000,-10608.000000,,,,,,,,,
1710111743847.275100,430,98504.000000,-10519.000000,,,,,,,,,
1710111743857.482700,431,98451.000000,-10549.000000,,,,,,,,,
1710111743867.690400,432,98394.000000,-10620.000000,,,,,,,,,
1710111743877.897900,433,98445.000000,-10725.000000,,,,,,,,,
1710111743888.105700,434,98462.000000,-10739.000000,,,,,,,,,
1710111743898.313200,435,98570.000000,-10736.000000,,,,,,,,,
1710111743908.520800,436,98632.000000,-10758.000000,,,,,,,,,
1710111743918.728500,437,98453.000000,-10858.000000,,,,,,,,,
1710111743928.936000,438,98545.000000,-10848.000000,,,,,,,,,
1710111743939.143800,439,98620.000000,-10784.000000,,,,,,,,,
1710111743949.351300,440,98581.000000,-10713.000000,,,,,,,,,
1710111743959.558800,441,98541.000000,-10628.000000,,,,,,,,,
1710111743969.766600,442,98472.000000,-10756.000000,,,,,,,,,
1710111743979.974100,443,98455.000000,-10845.000000,,,,,,,,,
1710111743990.181900,444,98514.000000,-10803.000000,,,,,,,,,
1710111744000.389400,445,98622.000000,-10604.000000,,,,,,,,,
1710111744010.596900,446,98568.000000,-10712.000000,,,,,,,,,
1710111744020.804700,447,98402.000000,-10770.000000,,,,,,,,,
1710111744031.012200,448,98470.000000,-10632.000000,,,,,,,,,
1710111744041.220000,449,98527.000000,-10612.000000,,,,,,,,,
1710111744051.427500,450,98505.000000,-10677.000000,,,,,,,,,
1710111744061.635000,451,98551.000000,-10686.000000,,,,,,,,,
1710111744071.842800,452,98474.000000,-10677.000000,,,,,,,,,
1710111744082.050300,453,98423.000000,-10827.000000,,,,,,,,,
1710111744092.257800,454,98551.000000,-10741.000000,,,,,,,,,
1710111744102.465600,455,98609.000000,-10683.000000,,,,,,,,,
1710111744112.673100,456,98558.000000,-10719.000000,,,,,,,,,
1710111744122.880900,457,98546.000000,-10707.000000,,,,,,,,,
1710111744133.088400,458,98551.000000,-10793.000000,,,,,,,,,
1710111744143.295900,459,98690.000000,-10821.000000,,,,,,,,,
1710111744153.503700,460,98570.000000,-10764.000000,,,,,,,,,
1710111744163.711200,461,98528.000000,-10752.000000,,,,,,,,,
1710111744173.918900,462,98546.000000,-10682.000000,,,,,,,,,
1710111744184.126500,463,98561.000000,-10657.000000,,,,,,,,,
1710111744194.334000,464,98506.000000,-10773.000000,,,,,,,,,
1710111744204.541700,465,98562.000000,-10666.000000,,,,,,,,,
1710111744214.749300,466,98587.000000,-10679.000000,,,,,,,,,
1710111744224.957000,467,98552.000000,-10779.000000,,,,,,,,,
1710111744235.164600,468,98452.000000,-10683.000000,,,,,,,,,
1710111744245.372100,469,98597.000000,-10707.000000,,,,,,,,,
1710111744255.579800,470,98548.000000,-10845.000000,,,,,,,,,
1710111744265.787400,471,98446.000000,-10886.000000,,,,,,,,,
1710111744275.995100,472,98412.000000,-10790.000000,,,,,,,,,
1710111744286.202600,473,98446.000000,-10683.000000,,,,,,,,,
1710111744296.410200,474,98344.000000,-10639.000000,,,,,,,,,
1710111744306.617900,475,98444.000000,-10662.000000,,,,,,,,,
1710111744316.825400,476,98592.000000,-10869.000000,,,,,,,,,
1710111744327.033200,477,98532.000000,-10886.000000,,,,,,,,,
1710111744337.240700,478,98372.000000,-10668.000000,,,,,,,,,
1710111744347.448200,479,98426.000000,-10664.000000,,,,,,,,,
1710111744357.656000,480,98547.000000,-10622.000000,,,,,,,,,
1710111744367.863500,481,98398.000000,-10621.000000,,,,,,,,,
1710111744378.071300,482,98455.000000,-10532.000000,,,,,,,,,
1710111744388.278800,483,98579.000000,-10682.000000,,,,,,,,,
1710111744398.486300,484,98446.000000,-10765.000000,,,,,,,,,
1710111744408.694100,485,98405.000000,-10680.000000,,,,,,,,,
1710111744418.901600,486,98501.000000,-10801.000000,,,,,,,,,
1710111744429.109400,487,98508.000000,-10927.000000,,,,,,,,,
1710111744439.316900,488,98471.000000,-10755.000000,,,,,,,,,
1710111744449.524400,489,98447.000000,-10680.000000,,,,,,,,,
1710111744459.732200,490,98380.000000,-10707.000000,,,,,,,,,
1710111744469.939700,491,98503.000000,-10700.000000,,,,,,,,,
1710111744480.147500,492,98583.000000,-10772.000000,,,,,,,,,
1710111744490.355000,493,98418.000000,-10775.000000,,,,,,,,,
1710111744500.562500,494,98372.000000,-10726.000000,,,,,,,,,
1710111744510.770300,495,98428.000000,-10636.000000,,,,,,,,,
1710111744520.977800,496,98497.000000,-10584.000000,,,,,,,,,
1710111744531.185500,497,98610.000000,-10726.000000,,,,,,,,,
1710111744541.393100,498,98528.000000,-10761.000000,,,,,,,,,
1710111744551.600600,499,98406.000000,-10804.000000,,,,,,,,,
1710111744561.808300,500,98595.000000,-10738.000000,,,,,,,,,
1710111744572.015900,501,98495.000000,-10686.000000,,,,,,,,,
1710111744582.223600,502,98529.000000,-10678.000000,,,,,,,,,
1710111744592.431200,503,98612.000000,-10674.000000,,,,,,,,,
1710111744602.638700,504,98477.000000,-10657.000000,0.000000,5477,7,0,,,,,
1710111744612.846400,505,98473.000000,-10653.000000,,,,,,,,,
1710111744623.054000,506,98443.000000,-10656.000000,,,,,,,,,
1710111744633.261700,507,98506.000000,-10710.000000,,,,,,,,,
1710111744643.469200,508,98571.000000,-10687.000000,,,,,,,,,
1710111744653.676800,509,98565.000000,-10754.000000,,,,,,,,,
1710111744663.884500,510,98457.000000,-10779.000000,,,,,,,,,
1710111744674.092000,511,98411.000000,-10691.000000,,,,,,,,,
1710111744684.299800,512,98285.000000,-10654.000000,,,,,,,,,
1710111744694.507300,513,98500.000000,-10733.000000,,,,,,,,,
1710111744704.714800,514,98478.000000,-10615.000000,,,,,,,,,
1710111744714.922600,515,98524.000000,-10722.000000,,,,,,,,,
1710111744725.130100,516,98550.000000,-10765.000000,,,,,,,,,
1710111744735.337900,517,98561.000000,-10626.000000,,,,,,,,,
1710111744745.545400,518,98639.000000,-10723.000000,,,,,,,,,
1710111744755.752900,519,98610.000000,-10773.000000,,,,,,,,,
1710111744765.960700,520,98806.000000,-10852.000000,,,,,,,,,
1710111744776.168200,521,98846.000000,-10858.000000,,,,,,,,,
1710111744786.376000,522,98610.000000,-10659.000000,,,,,,,,,
1710111744796.583500,523,98573.000000,-10677.000000,,,,,,,,,
1710111744806.791000,524,98658.000000,-10836.000000,,,,,,,,,
1710111744816.998800,525,98490.000000,-10815.000000,,,,,,,,,
1710111744827.206300,526,98487.000000,-10683.000000,,,,,,,,,
1710111744837.414100,527,98551.000000,-10569.000000,,,,,,,,,
1710111744847.621600,528,98557.000000,-10657.000000,,,,,,,,,
1710111744857.829100,529,98684.000000,-10768.000000,,,,,,,,,
1710111744868.036900,530,98476.000000,-10714.000000,,,,,,,,,
1710111744878.244400,531,98410.000000,-10813.000000,,,,,,,,,
1710111744888.451900,532,98466.000000,-10823.000000,,,,,,,,,
1710111744898.659700,533,98593.000000,-10794.000000,,,,,,,,,
1710111744908.867200,534,98580.000000,-10744.000000,,,,,,,,,
1710111744919.075000,535,98580.000000,-10699.000000,,,,,,,,,
1710111744929.282500,536,98630.000000,-10668.000000,,,,,,,,,
1710111744939.490000,537,98642.000000,-10706.000000,,,,,,,,,
1710111744949.697800,538,98645.000000,-10690.000000,,,,,,,,,
1710111744959.905300,539,98610.000000,-10802.000000,,,,,,,,,
1710111744970.113000,540,98431.000000,-10665.000000,,,,,,,,,
1710111744980.320600,541,98458.000000,-10599.000000,,,,,,,,,
1710111744990.528100,542,98578.000000,-10618.000000,,,,,,,,,
1710111745000.735800,543,98522.000000,-10644.000000,,,,,,,,,
1710111745010.943400,544,98503.000000,-10870.000000,,,,,,,,,
1710111745021.151100,545,98566.000000,-10753.000000,,,,,,,,,
1710111745031.358600,546,98550.000000,-10723.000000,,,,,,,,,
1710111745041.566200,547,98485.000000,-10714.000000,,,,,,,,,
1710111745051.773900,548,98580.000000,-10722.000000,,,,,,,,,
1710111745061.981400,549,98608.000000,-10800.000000,,,,,,,,,
1710111745072.189200,550,98595.000000,-10779.000000,,,,,,,,,
1710111745082.396700,551,98576.000000,-10625.000000,,,,,,,,,
1710111745092.604200,552,98402.000000,-10739.000000,,,,,,,,,
1710111745102.812000,553,98321.000000,-10793.000000,,,,,,,,,
1710111745113.019500,554,98529.000000,-10738.000000,,,,,,,,,
1710111745123.227300,555,98588.000000,-10709.000000,,,,,,,,,
1710111745133.434800,556,98523.000000,-10519.000000,,,,,,,,,
1710111745143.642300,557,98538.000000,-10608.000000,,,,,,,,,
1710111745153.850100,558,98444.000000,-10791.000000,,,,,,,,,
1710111745164.057600,559,98486.000000,-10742.000000,,,,,,,,,
1710111745174.265400,560,98455.000000,-10744.000000,,,,,,,,,
1710111745184.472900,561,98471.000000,-10717.000000,,,,,,,,,
1710111745194.680400,562,98461.000000,-10712.000000,,,,,,,,,
1710111745204.888200,563,98528.000000,-10721.000000,,,,,,,,,
1710111745215.095700,564,98650.000000,-10697.000000,,,,,,,,,
1710111745225.303500,565,98500.000000,-10614.000000,,,,,,,,,
1710111745235.511000,566,98388.000000,-10729.000000,,,,,,,,,
1710111745245.718500,567,98500.000000,-10756.000000,,,,,,,,,
1710111745255.926300,568,98580.000000,-10679.000000,,,,,,,,,
1710111745266.133800,569,98521.000000,-10698.000000,,,,,,,,,
1710111745276.341600,570,98586.000000,-10584.000000,,,,,,,,,
1710111745286.549100,571,98450.000000,-10648.000000,,,,,,,,,
1710111745296.756600,572,98490.000000,-10706.000000,,,,,,,,,
1710111745306.964400,573,98571.000000,-10754.000000,,,,,,,,,
1710111745317.171900,574,98455.000000,-10592.000000,,,,,,,,,
1710111745327.379600,575,98505.000000,-10606.000000,,,,,,,,,
1710111745337.587200,576,98435.000000,-10705.000000,,,,,,,,,
1710111745347.794700,577,98482.000000,-10601.000000,,,,,,,,,
1710111745358.002400,578,98531.000000,-10545.000000,,,,,,,,,
1710111745368.210000,579,98478.000000,-10656.000000,,,,,,,,,
1710111745378.417700,580,98465.000000,-10706.000000,,,,,,,,,
1710111745388.625200,581,98568.000000,-10687.000000,,,,,,,,,
1710111745398.832800,582,98516.000000,-10631.000000,,,,,,,,,
1710111745409.040500,583,98537.000000,-10622.000000,,,,,,,,,
1710111745419.248000,584,98649.000000,-10924.000000,,,,,,,,,
1710111745429.455800,585,98639.000000,-10634.000000,,,,,,,,,
1710111745439.663300,586,98451.000000,-10526.000000,,,,,,,,,
1710111745449.870800,587,98400.000000,-10688.000000,,,,,,,,,
1710111745460.078600,588,98527.000000,-10840.000000,,,,,,,,,
1710111745470.286100,589,98607.000000,-10747.000000,,,,,,,,,
1710111745480.493900,590,98535.000000,-10633.000000,,,,,,,,,
1710111745490.701400,591,98456.000000,-10558.000000,,,,,,,,,
1710111745500.908900,592,98575.000000,-10701.000000,,,,,,,,,
1710111745511.116700,593,98488.000000,-10750.000000,,,,,,,,,
1710111745521.324200,594,98429.000000,-10719.000000,,,,,,,,,
1710111745531.532000,595,98398.000000,-10705.000000,,,,,,,,,
1710111745541.739500,596,98441.000000,-10639.000000,,,,,,,,,
1710111745551.947000,597,98617.000000,-10729.000000,,,,,,,,,
1710111745562.154800,598,98443.000000,-10865.000000,,,,,,,,,
1710111745572.362300,599,98477.000000,-10836.000000,,,,,,,,,
1710111745582.570100,600,98345.000000,-10762.000000,,,,,,,,,
1710111745592.777600,601,98442.000000,-10729.000000,,,,,,,,,
1710111745602.985100,602,98510.000000,-10718.000000,,,,,,,,,
1710111745613.192900,603,98447.000000,-10783.000000,0.000000,6512,7,0,,,,,
1710111745623.400400,604,98642.000000,-10542.000000,,,,,,,,,
1710111745633.608200,605,98636.000000,-10666.000000,,,,,,,,,
1710111745643.815700,606,98511.000000,-10830.000000,,,,,,,,,
1710111745654.023200,607,98422.000000,-10625.000000,,,,,,,,,
1710111745664.231000,608,98490.000000,-10728.000000,,,,,,,,,
1710111745674.438500,609,98614.000000,-10774.000000,,,,,,,,,
1710111745684.646200,610,98570.000000,-10687.000000,,,,,,,,,
1710111745694.853800,611,98552.000000,-10669.000000,,,,,,,,,
1710111745705.061300,612,98566.000000,-10732.000000,,,,,,,,,
1710111745715.269000,613,98571.000000,-10555.000000,,,,,,,,,
1710111745725.476600,614,98503.000000,-10469.000000,,,,,,,,,
1710111745735.684100,615,98507.000000,-10616.000000,,,,,,,,,
1710111745745.891800,616,98527.000000,-10776.000000,,,,,,,,,
1710111745756.099400,617,98569.000000,-10782.000000,,,,,,,,,
1710111745766.307100,618,98457.000000,-10731.000000,,,,,,,,,
1710111745776.514600,619,98543.000000,-10720.000000,,,,,,,,,
1710111745786.722200,620,98558.000000,-10762.000000,,,,,,,,,
1710111745796.929900,621,98528.000000,-10821.000000,,,,,,,,,
1710111745807.137500,622,98649.000000,-10693.000000,,,,,,,,,
1710111745817.345200,623,98679.000000,-10732.000000,,,,,,,,,
1710111745827.552700,624,98679.000000,-10752.000000,,,,,,,,,
1710111745837.760300,625,98478.000000,-10610.000000,,,,,,,,,
1710111745847.968000,626,98412.000000,-10640.000000,,,,,,,,,
1710111745858.175500,627,98530.000000,-10613.000000,,,,,,,,,
1710111745868.383300,628,98591.000000,-10570.000000,,,,,,,,,
1710111745878.590800,629,98628.000000,-10580.000000,,,,,,,,,
1710111745888.798300,630,98640.000000,-10688.000000,,,,,,,,,
1710111745899.006100,631,98551.000000,-10535.000000,,,,,,,,,
1710111745909.213600,632,98526.000000,-10530.000000,,,,,,,,,
1710111745919.421400,633,98656.000000,-10573.000000,,,,,,,,,
1710111745929.628900,634,98693.000000,-10634.000000,,,,,,,,,
1710111745939.836400,635,98546.000000,-10756.000000,,,,,,,,,
1710111745950.044200,636,98613.000000,-10656.000000,,,,,,,,,
1710111745960.251700,637,98572.000000,-10761.000000,,,,,,,,,
1710111745970.459500,638,98588.000000,-10878.000000,,,,,,,,,
1710111745980.667000,639,98404.000000,-10847.000000,,,,,,,,,
1710111745990.874500,640,98544.000000,-10675.000000,,,,,,,,,
1710111746001.082300,641,98523.000000,-10621.000000,,,,,,,,,
1710111746011.289800,642,98522.000000,-10650.000000,,,,,,,,,
1710111746021.497600,643,98405.000000,-10677.000000,,,,,,,,,
1710111746031.705100,644,98345.000000,-10730.000000,,,,,,,,,
1710111746041.912600,645,98373.000000,-10612.000000,,,,,,,,,
1710111746052.120400,646,98528.000000,-10728.000000,,,,,,,,,
1710111746062.327900,647,98401.000000,-10784.000000,,,,,,,,,
1710111746072.535600,648,98430.000000,-10823.000000,,,,,,,,,
1710111746082.743200,649,98429.000000,-10850.000000,,,,,,,,,
1710111746092.950700,650,98427.000000,-10710.000000,,,,,,,,,
1710111746103.158400,651,98491.000000,-10663.000000,,,,,,,,,
1710111746113.366000,652,98445.000000,-10627.000000,,,,,,,,,
1710111746123.573700,653,98279.000000,-10591.000000,,,,,,,,,
1710111746133.781200,654,98319.000000,-10590.000000,,,,,,,,,
1710111746143.988800,655,98530.000000,-10641.000000,,,,,,,,,
1710111746154.196500,656,98555.000000,-10634.000000,,,,,,,,,
1710111746164.404100,657,98515.000000,-10743.000000,,,,,,,,,
1710111746174.611800,658,98400.000000,-10896.000000,,,,,,,,,
1710111746184.819300,659,98359.000000,-10662.000000,,,,,,,,,
1710111746195.026900,660,98411.000000,-10576.000000,,,,,,,,,
1710111746205.234600,661,98590.000000,-10676.000000,,,,,,,,,
1710111746215.442100,662,98565.000000,-10744.000000,,,,,,,,,
1710111746225.649900,663,98528.000000,-10781.000000,,,,,,,,,
1710111746235.857400,664,98561.000000,-10668.000000,,,,,,,,,
1710111746246.064900,665,98639.000000,-10751.000000,,,,,,,,,
1710111746256.272700,666,98611.000000,-10769.000000,,,,,,,,,
1710111746266.480200,667,98547.000000,-10746.000000,,,,,,,,,
1710111746276.688000,668,98579.000000,-10713.000000,,,,,,,,,
1710111746286.895500,669,98452.000000,-10688.000000,,,,,,,,,
1710111746297.103000,670,98499.000000,-10702.000000,,,,,,,,,
1710111746307.310800,671,98489.000000,-10586.000000,,,,,,,,,
1710111746317.518300,672,98437.000000,-10696.000000,,,,,,,,,
1710111746327.726100,673,98592.000000,-10702.000000,,,,,,,,,
1710111746337.933600,674,98607.000000,-10562.000000,,,,,,,,,
1710111746348.141100,675,98439.000000,-10626.000000,,,,,,,,,
1710111746358.348900,676,98448.000000,-10742.000000,,,,,,,,,
1710111746368.556400,677,98603.000000,-10688.000000,,,,,,,,,
1710111746378.764200,678,98513.000000,-10812.000000,,,,,,,,,
1710111746388.971700,679,98522.000000,-10654.000000,,,,,,,,,
1710111746399.179200,680,98413.000000,-10653.000000,,,,,,,,,
1710111746409.387000,681,98527.000000,-10718.000000,,,,,,,,,
1710111746419.594500,682,98584.000000,-10740.000000,,,,,,,,,
1710111746429.802200,683,98528.000000,-10700.000000,,,,,,,,,
1710111746440.009800,684,98478.000000,-10697.000000,,,,,,,,,
1710111746450.217300,685,98483.000000,-10780.000000,,,,,,,,,
1710111746460.425000,686,98557.000000,-10701.000000,,,,,,,,,
1710111746470.632600,687,98459.000000,-10652.000000,,,,,,,,,
1710111746480.840300,688,98438.000000,-10681.000000,,,,,,,,,
1710111746491.047900,689,98479.000000,-10662.000000,,,,,,,,,
1710111746501.255400,690,98473.000000,-10732.000000,,,,,,,,,
1710111746511.463100,691,98574.000000,-10708.000000,,,,,,,,,
1710111746521.670700,692,98580.000000,-10682.000000,,,,,,,,,
1710111746531.878400,693,98648.000000,-10666.000000,,,,,,,,,
1710111746542.085900,694,98576.000000,-10706.000000,,,,,,,,,
1710111746552.293500,695,98273.000000,-10645.000000,,,,,,,,,
1710111746562.501200,696,98408.000000,-10755.000000,,,,,,,,,
1710111746572.708700,697,98567.000000,-10654.000000,,,,,,,,,
1710111746582.916300,698,98643.000000,-10792.000000,,,,,,,,,
1710111746593.124000,699,98536.000000,-10765.000000,,,,,,,,,
1710111746603.331500,700,98661.000000,-10645.000000,,,,,,,,,
1710111746613.539300,701,98495.000000,-10639.000000,,,,,,,,,
1710111746623.746800,702,98592.000000,-10750.000000,0.000000,7546,7,0,,,,,
1710111746633.954300,703,98749.000000,-10795.000000,,,,,,,,,
1710111746644.162100,704,98540.000000,-10803.000000,,,,,,,,,
1710111746654.369600,705,98449.000000,-10744.000000,,,,,,,,,
1710111746664.577400,706,98413.000000,-10687.000000,,,,,,,,,
1710111746674.784900,707,98456.000000,-10661.000000,,,,,,,,,
1710111746684.992400,708,98529.000000,-10632.000000,,,,,,,,,
1710111746695.200200,709,98567.000000,-10652.000000,,,,,,,,,
1710111746705.407700,710,98612.000000,-10669.000000,,,,,,,,,
1710111746715.615500,711,98504.000000,-10640.000000,,,,,,,,,
1710111746725.823000,712,98602.000000,-10551.000000,,,,,,,,,
1710111746736.030500,713,98560.000000,-10746.000000,,,,,,,,,
1710111746746.238300,714,98545.000000,-10707.000000,,,,,,,,,
1710111746756.445800,715,98576.000000,-10791.000000,,,,,,,,,
1710111746766.653600,716,98409.000000,-10677.000000,,,,,,,,,
1710111746776.861100,717,98266.000000,-10627.000000,,,,,,,,,
1710111746787.068600,718,98595.000000,-10653.000000,,,,,,,,,
1710111746797.276400,719,98659.000000,-10696.000000,,,,,,,,,
1710111746807.483900,720,98562.000000,-10761.000000,,,,,,,,,
1710111746817.691700,721,98482.000000,-10488.000000,,,,,,,,,
1710111746827.899200,722,98565.000000,-10673.000000,,,,,,,,,
1710111746838.106700,723,98568.000000,-10678.000000,,,,,,,,,
1710111746848.314500,724,98476.000000,-10500.000000,,,,,,,,,
1710111746858.522000,725,98525.000000,-10575.000000,,,,,,,,,
1710111746868.729700,726,98589.000000,-10730.000000,,,,,,,,,
1710111746878.937300,727,98504.000000,-10723.000000,,,,,,,,,
1710111746889.144800,728,98588.000000,-10608.000000,,,,,,,,,
1710111746899.352500,729,98630.000000,-10625.000000,,,,,,,,,
1710111746909.560100,730,98524.000000,-10747.000000,,,,,,,,,
1710111746919.767800,731,98541.000000,-10822.000000,,,,,,,,,
1710111746929.975300,732,98478.000000,-10682.000000,,,,,,,,,
1710111746940.182900,733,98628.000000,-10610.000000,,,,,,,,,
1710111746950.390600,734,98564.000000,-10687.000000,,,,,,,,,
1710111746960.598100,735,98549.000000,-10772.000000,,,,,,,,,
1710111746970.805900,736,98445.000000,-10843.000000,,,,,,,,,
1710111746981.013400,737,98438.000000,-10756.000000,,,,,,,,,
1710111746991.220900,738,98575.000000,-10741.000000,,,,,,,,,
1710111747001.428700,739,98530.000000,-10693.000000,,,,,,,,,
1710111747011.636200,740,98413.000000,-10853.000000,,,,,,,,,
1710111747021.844000,741,98321.000000,-10803.000000,,,,,,,,,
1710111747032.051500,742,98464.000000,-10819.000000,,,,,,,,,
1710111747042.259000,743,98335.000000,-10605.000000,,,,,,,,,
1710111747052.466800,744,98406.000000,-10731.000000,,,,,,,,,
1710111747062.674300,745,98502.000000,-10856.000000,,,,,,,,,
1710111747072.882100,746,98588.000000,-10815.000000,,,,,,,,,
1710111747083.089600,747,98704.000000,-10691.000000,,,,,,,,,
1710111747093.297100,748,98391.000000,-10795.000000,,,,,,,,,
1710111747103.504900,749,98378.000000,-10604.000000,,,,,,,,,
1710111747113.712400,750,98563.000000,-10650.000000,,,,,,,,,
1710111747123.920200,751,98574.000000,-10754.000000,,,,,,,,,
1710111747134.127700,752,98422.000000,-10734.000000,,,,,,,,,
1710111747144.335200,753,98633.000000,-10721.000000,,,,,,,,,
1710111747154.543000,754,98615.000000,-10623.000000,,,,,,,,,
1710111747164.750500,755,98361.000000,-10636.000000,,,,,,,,,
1710111747174.958300,756,98470.000000,-10789.000000,,,,,,,,,
1710111747185.165800,757,98613.000000,-10718.000000,,,,,,,,,
1710111747195.373300,758,98586.000000,-10586.000000,,,,,,,,,
1710111747205.581100,759,98574.000000,-10520.000000,,,,,,,,,
1710111747215.788600,760,98576.000000,-10537.000000,,,,,,,,,
1710111747225.996300,761,98569.000000,-10762.000000,,,,,,,,,
1710111747236.203900,762,98493.000000,-10707.000000,,,,,,,,,
1710111747246.411400,763,98527.000000,-10733.000000,,,,,,,,,
1710111747256.619100,764,98664.000000,-10544.000000,,,,,,,,,
1710111747266.826700,765,98786.000000,-10584.000000,,,,,,,,,
1710111747277.034400,766,98576.000000,-10684.000000,,,,,,,,,
1710111747287.241900,767,98536.000000,-10708.000000,,,,,,,,,
1710111747297.449500,768,98491.000000,-10890.000000,,,,,,,,,
1710111747307.657200,769,98590.000000,-10794.000000,,,,,,,,,
1710111747317.864700,770,98648.000000,-10779.000000,,,,,,,,,
1710111747328.072500,771,98501.000000,-10620.000000,,,,,,,,,
1710111747338.280000,772,98414.000000,-10691.000000,,,,,,,,,
1710111747348.487500,773,98592.000000,-10857.000000,,,,,,,,,
1710111747358.695300,774,98530.000000,-10670.000000,,,,,,,,,
1710111747368.902800,775,98564.000000,-10491.000000,,,,,,,,,
1710111747379.110600,776,98615.000000,-10485.000000,,,,,,,,,
1710111747389.318100,777,98644.000000,-10679.000000,,,,,,,,,
1710111747399.525600,778,98702.000000,-10707.000000,,,,,,,,,
1710111747409.733400,779,98627.000000,-10746.000000,,,,,,,,,
1710111747419.940900,780,98579.000000,-10753.000000,,,,,,,,,
1710111747430.148400,781,98534.000000,-10867.000000,,,,,,,,,
1710111747440.356200,782,98611.000000,-10763.000000,,,,,,,,,
1710111747450.563700,783,98688.000000,-10587.000000,,,,,,,,,
1710111747460.771500,784,98697.000000,-10498.000000,,,,,,,,,
1710111747470.979000,785,98699.000000,-10595.000000,,,,,,,,,
1710111747481.186500,786,98590.000000,-10744.000000,,,,,,,,,
1710111747491.394300,787,98567.000000,-10676.000000,,,,,,,,,
1710111747501.601800,788,98600.000000,-10610.000000,,,,,,,,,
1710111747511.809600,789,98722.000000,-10527.000000,,,,,,,,,
1710111747522.017100,790,98635.000000,-10658.000000,,,,,,,,,
1710111747532.224600,791,98515.000000,-10867.000000,,,,,,,,,
1710111747542.432400,792,98557.000000,-10789.000000,,,,,,,,,
1710111747552.639900,793,98620.000000,-10647.000000,,,,,,,,,
1710111747562.847700,794,98479.000000,-10611.000000,,,,,,,,,
1710111747573.055200,795,98439.000000,-10547.000000,,,,,,,,,
1710111747583.262700,796,98452.000000,-10545.000000,,,,,,,,,
1710111747593.470500,797,98491.000000,-10734.000000,,,,,,,,,
1710111747603.678000,798,98561.000000,-10627.000000,0.000000,8550,7,0,,,,,
1710111747613.885700,799,98513.000000,-10662.000000,,,,,,,,,
1710111747624.093300,800,98582.000000,-10705.000000,,,,,,,,,
1710111747634.300800,801,98561.000000,-10687.000000,,,,,,,,,
1710111747644.508500,802,98399.000000,-10700.000000,,,,,,,,,
1710111747654.716100,803,98609.000000,-10677.000000,,,,,,,,,
1710111747664.923800,804,98796.000000,-10720.000000,,,,,,,,,
1710111747675.131300,805,98596.000000,-10704.000000,,,,,,,,,
1710111747685.338900,806,98545.000000,-10691.000000,,,,,,,,,
1710111747695.546600,807,98773.000000,-10775.000000,,,,,,,,,
1710111747705.754200,808,98642.000000,-10784.000000,,,,,,,,,
1710111747715.961900,809,98532.000000,-10644.000000,,,,,,,,,
1710111747726.169400,810,98585.000000,-10719.000000,,,,,,,,,
1710111747736.377000,811,98577.000000,-10696.000000,,,,,,,,,
1710111747746.584700,812,98608.000000,-10585.000000,,,,,,,,,
1710111747756.792200,813,98606.000000,-10761.000000,,,,,,,,,
1710111747767.000000,814,98502.000000,-10656.000000,,,,,,,,,
1710111747777.207500,815,98422.000000,-10721.000000,,,,,,,,,
1710111747787.415000,816,98542.000000,-10785.000000,,,,,,,,,
1710111747797.622800,817,98533.000000,-10701.000000,,,,,,,,,
1710111747807.830300,818,98692.000000,-10727.000000,,,,,,,,,
1710111747818.038100,819,98713.000000,-10726.000000,,,,,,,,,
1710111747828.245600,820,98674.000000,-10618.000000,,,,,,,,,
1710111747838.453100,821,98412.000000,-10524.000000,,,,,,,,,
1710111747848.660900,822,98511.000000,-10780.000000,,,,,,,,,
1710111747858.868400,823,98497.000000,-10784.000000,,,,,,,,,
1710111747869.076200,824,98474.000000,-10594.000000,,,,,,,,,
1710111747879.283700,825,98512.000000,-10708.000000,,,,,,,,,
1710111747889.491200,826,98606.000000,-10690.000000,,,,,,,,,
1710111747899.699000,827,98593.000000,-10736.000000,,,,,,,,,
1710111747909.906500,828,98577.000000,-10709.000000,,,,,,,,,
1710111747920.114300,829,98547.000000,-10709.000000,,,,,,,,,
1710111747930.321800,830,98549.000000,-10754.000000,,,,,,,,,
1710111747940.529300,831,98592.000000,-10814.000000,,,,,,,,,
1710111747950.737100,832,98701.000000,-11077.000000,,,,,,,,,
1710111747960.944600,833,98534.000000,-10924.000000,,,,,,,,,
1710111747971.152300,834,98580.000000,-10647.000000,,,,,,,,,
1710111747981.359900,835,98536.000000,-10693.000000,,,,,,,,,
1710111747991.567400,836,98560.000000,-10743.000000,,,,,,,,,
1710111748001.775100,837,98534.000000,-10804.000000,,,,,,,,,
1710111748011.982700,838,98600.000000,-10708.000000,,,,,,,,,
1710111748022.190400,839,98504.000000,-10751.000000,,,,,,,,,
1710111748032.397900,840,98600.000000,-10690.000000,,,,,,,,,
1710111748042.605500,841,98515.000000,-10740.000000,,,,,,,,,
1710111748052.813200,842,98394.000000,-10688.000000,,,,,,,,,
1710111748063.020800,843,98459.000000,-10748.000000,,,,,,,,,
1710111748073.228500,844,98445.000000,-10659.000000,,,,,,,,,
1710111748083.436000,845,98546.000000,-10742.000000,,,,,,,,,
1710111748093.643600,846,98601.000000,-10724.000000,,,,,,,,,
1710111748103.851300,847,98529.000000,-10726.000000,,,,,,,,,
1710111748114.058800,848,98607.000000,-10738.000000,,,,,,,,,
1710111748124.266600,849,98562.000000,-10746.000000,,,,,,,,,
1710111748134.474100,850,98501.000000,-10657.000000,,,,,,,,,
1710111748144.681600,851,98487.000000,-10639.000000,,,,,,,,,
1710111748154.889400,852,98530.000000,-10651.000000,,,,,,,,,
1710111748165.096900,853,98641.000000,-10675.000000,,,,,,,,,
1710111748175.304700,854,98505.000000,-10636.000000,,,,,,,,,
1710111748185.512200,855,98442.000000,-10644.000000,,,,,,,,,
1710111748195.719700,856,98554.000000,-10565.000000,,,,,,,,,
1710111748205.927500,857,98619.000000,-10731.000000,,,,,,,,,
1710111748216.135000,858,98561.000000,-10744.000000,,,,,,,,,
1710111748226.342500,859,98637.000000,-10715.000000,,,,,,,,,
1710111748236.550300,860,98641.000000,-10704.000000,,,,,,,,,
1710111748246.757800,861,98569.000000,-10590.000000,,,,,,,,,
1710111748256.965600,862,98464.000000,-10595.000000,,,,,,,,,
1710111748267.173100,863,98488.000000,-10718.000000,,,,,,,,,
1710111748277.380600,864,98453.000000,-10733.000000,,,,,,,,,
1710111748287.588400,865,98583.000000,-10657.000000,,,,,,,,,
1710111748297.795900,866,98713.000000,-10603.000000,,,,,,,,,
1710111748308.003700,867,98642.000000,-10727.000000,,,,,,,,,
1710111748318.211200,868,98646.000000,-10725.000000,,,,,,,,,
1710111748328.418700,869,98601.000000,-10685.000000,,,,,,,,,
1710111748338.626500,870,98538.000000,-10807.000000,,,,,,,,,
1710111748348.834000,871,98556.000000,-10828.000000,,,,,,,,,
1710111748359.041700,872,98388.000000,-10832.000000,,,,,,,,,
1710111748369.249300,873,98426.000000,-10693.000000,,,,,,,,,
1710111748379.456800,874,98515.000000,-10648.000000,,,,,,,,,
1710111748389.664600,875,98491.000000,-10767.000000,,,,,,,,,
1710111748399.872100,876,98566.000000,-10676.000000,,,,,,,,,
1710111748410.079800,877,98497.000000,-10582.000000,,,,,,,,,
1710111748420.287400,878,98502.000000,-10770.000000,,,,,,,,,
1710111748430.494900,879,98464.000000,-10840.000000,,,,,,,,,
1710111748440.702600,880,98580.000000,-10656.000000,,,,,,,,,
1710111748450.910200,881,98611.000000,-10658.000000,,,,,,,,,
1710111748461.117900,882,98565.000000,-10638.000000,,,,,,,,,
1710111748471.325400,883,98585.000000,-10731.000000,,,,,,,,,
1710111748481.533000,884,98619.000000,-10614.000000,,,,,,,,,
1710111748491.740700,885,98523.000000,-10685.000000,,,,,,,,,
1710111748501.948200,886,98520.000000,-10818.000000,,,,,,,,,
1710111748512.156000,887,98589.000000,-10944.000000,,,,,,,,,
1710111748522.363500,888,98542.000000,-10900.000000,,,,,,,,,
1710111748532.571000,889,98581.000000,-10845.000000,,,,,,,,,
1710111748542.778800,890,98661.000000,-10753.000000,,,,,,,,,
1710111748552.986300,891,98918.000000,-10756.000000,,,,,,,,,
1710111748563.194100,892,98839.000000,-10632.000000,,,,,,,,,
1710111748573.401600,893,98753.000000,-10648.000000,,,,,,,,,
1710111748583.609100,894,98693.000000,-10759.000000,,,,,,,,,
1710111748593.816900,895,98717.000000,-10770.000000,,,,,,,,,
1710111748604.024400,896,98517.000000,-10774.000000,,,,,,,,,
1710111748614.232200,897,98544.000000,-10824.000000,0.000000,9585,7,0,,,,,
1710111748624.439700,898,98655.000000,-10779.000000,,,,,,,,,
1710111748634.647200,899,98533.000000,-10649.000000,,,,,,,,,
1710111748644.855000,900,98537.000000,-10662.000000,,,,,,,,,
1710111748655.062500,901,98614.000000,-10683.000000,,,,,,,,,
1710111748665.270300,902,98678.000000,-10734.000000,,,,,,,,,
1710111748675.477800,903,98606.000000,-10866.000000,,,,,,,,,
1710111748685.685300,904,98624.000000,-10811.000000,,,,,,,,,
1710111748695.893100,905,98564.000000,-10752.000000,,,,,,,,,
1710111748706.100600,906,98525.000000,-10631.000000,,,,,,,,,
1710111748716.308300,907,98492.000000,-10487.000000,,,,,,,,,
1710111748726.515900,908,98538.000000,-10739.000000,,,,,,,,,
1710111748736.723400,909,98664.000000,-10781.000000,,,,,,,,,
1710111748746.931200,910,98641.000000,-10771.000000,,,,,,,,,
1710111748757.138700,911,98549.000000,-10737.000000,,,,,,,,,
1710111748767.346400,912,98683.000000,-10905.000000,,,,,,,,,
1710111748777.554000,913,98636.000000,-10706.000000,,,,,,,,,
1710111748787.761500,914,98686.000000,-10514.000000,,,,,,,,,
1710111748797.969200,915,98669.000000,-10628.000000,,,,,,,,,
1710111748808.176800,916,98554.000000,-10822.000000,,,,,,,,,
1710111748818.384500,917,98587.000000,-10818.000000,,,,,,,,,
1710111748828.592000,918,98526.000000,-10742.000000,,,,,,,,,
1710111748838.799600,919,98604.000000,-10718.000000,,,,,,,,,
1710111748849.007300,920,98650.000000,-10571.000000,,,,,,,,,
1710111748859.214800,921,98580.000000,-10601.000000,,,,,,,,,
1710111748869.422600,922,98695.000000,-10612.000000,,,,,,,,,
1710111748879.630100,923,98622.000000,-10614.000000,,,,,,,,,
1710111748889.837600,924,98625.000000,-10827.000000,,,,,,,,,
1710111748900.045400,925,98524.000000,-10766.000000,,,,,,,,,
1710111748910.252900,926,98517.000000,-10849.000000,,,,,,,,,
1710111748920.460700,927,98559.000000,-10949.000000,,,,,,,,,
1710111748930.668200,928,98567.000000,-10525.000000,,,,,,,,,
1710111748940.875700,929,98462.000000,-10596.000000,,,,,,,,,
1710111748951.083500,930,98485.000000,-10614.000000,,,,,,,,,
1710111748961.291000,931,98547.000000,-10700.000000,,,,,,,,,
1710111748971.498800,932,98550.000000,-10632.000000,,,,,,,,,
1710111748981.706300,933,98567.000000,-10370.000000,,,,,,,,,
1710111748991.913800,934,98518.000000,-10631.000000,,,,,,,,,
1710111749002.121600,935,98489.000000,-10710.000000,,,,,,,,,
1710111749012.329100,936,98519.000000,-10553.000000,,,,,,,,,
1710111749022.536900,937,98558.000000,-10588.000000,,,,,,,,,
1710111749032.744400,938,98474.000000,-10777.000000,,,,,,,,,
1710111749042.951900,939,98497.000000,-10826.000000,,,,,,,,,
1710111749053.159700,940,98538.000000,-10820.000000,,,,,,,,,
1710111749063.367200,941,98560.000000,-10770.000000,,,,,,,,,
1710111749073.574700,942,98481.000000,-10691.000000,,,,,,,,,
1710111749083.782500,943,98453.000000,-10687.000000,,,,,,,,,
1710111749093.990000,944,98469.000000,-10771.000000,,,,,,,,,
1710111749104.197800,945,98515.000000,-10759.000000,,,,,,,,,
1710111749114.405300,946,98734.000000,-10724.000000,,,,,,,,,
1710111749124.612800,947,98633.000000,-10707.000000,,,,,,,,,
1710111749134.820600,948,98621.000000,-10825.000000,,,,,,,,,
1710111749145.028100,949,98698.000000,-10948.000000,,,,,,,,,
1710111749155.235800,950,98580.000000,-10883.000000,,,,,,,,,
1710111749165.443400,951,98499.000000,-10532.000000,,,,,,,,,
1710111749175.650900,952,98513.000000,-10580.000000,,,,,,,,,
1710111749185.858600,953,98591.000000,-10594.000000,,,,,,,,,
1710111749196.066200,954,98621.000000,-10671.000000,,,,,,,,,
1710111749206.273900,955,98697.000000,-10812.000000,,,,,,,,,
1710111749216.481400,956,99002.000000,-10874.000000,,,,,,,,,
1710111749226.689000,957,98631.000000,-10890.000000,,,,,,,,,
1710111749236.896700,958,98528.000000,-10828.000000,,,,,,,,,
1710111749247.104200,959,98585.000000,-10723.000000,,,,,,,,,
1710111749257.312000,960,98520.000000,-10701.000000,,,,,,,,,
1710111749267.519500,961,98444.000000,-10788.000000,,,,,,,,,
1710111749277.727100,962,98568.000000,-10865.000000,,,,,,,,,
1710111749287.934800,963,98594.000000,-10848.000000,,,,,,,,,
1710111749298.142300,964,98578.000000,-10707.000000,,,,,,,,,
1710111749308.350100,965,98504.000000,-10878.000000,,,,,,,,,
1710111749318.557600,966,98450.000000,-10820.000000,,,,,,,,,
1710111749328.765100,967,98544.000000,-10819.000000,,,,,,,,,
1710111749338.972900,968,98533.000000,-10694.000000,,,,,,,,,
1710111749349.180400,969,98780.000000,-10728.000000,,,,,,,,,
1710111749359.388200,970,98648.000000,-10795.000000,,,,,,,,,
1710111749369.595700,971,98503.000000,-11067.000000,,,,,,,,,
1710111749379.803200,972,98550.000000,-10767.000000,,,,,,,,,
1710111749390.011000,973,98652.000000,-10601.000000,,,,,,,,,
1710111749400.218500,974,98555.000000,-10586.000000,,,,,,,,,
1710111749410.426300,975,98479.000000,-10754.000000,,,,,,,,,
1710111749420.633800,976,98390.000000,-10772.000000,,,,,,,,,
1710111749430.841300,977,98532.000000,-10697.000000,,,,,,,,,
1710111749441.049100,978,98591.000000,-10690.000000,,,,,,,,,
1710111749451.256600,979,98464.000000,-10751.000000,,,,,,,,,
1710111749461.464400,980,98433.000000,-10826.000000,,,,,,,,,
1710111749471.671900,981,98543.000000,-10899.000000,,,,,,,,,
1710111749481.879400,982,98653.000000,-10766.000000,,,,,,,,,
1710111749492.087200,983,98616.000000,-10764.000000,,,,,,,,,
1710111749502.294700,984,98505.000000,-10717.000000,,,,,,,,,
1710111749512.502400,985,98543.000000,-10740.000000,,,,,,,,,
1710111749522.710000,986,98538.000000,-10660.000000,,,,,,,,,
1710111749532.917500,987,98682.000000,-10805.000000,,,,,,,,,
1710111749543.125200,988,98726.000000,-11054.000000,,,,,,,,,
1710111749553.332800,989,98491.000000,-10720.000000,,,,,,,,,
1710111749563.540500,990,98537.000000,-10589.000000,,,,,,,,,
1710111749573.748000,991,98581.000000,-10601.000000,,,,,,,,,
1710111749583.955600,992,98481.000000,-10686.000000,,,,,,,,,
1710111749594.163300,993,98477.000000,-10776.000000,,,,,,,,,
1710111749604.370800,994,98667.000000,-10868.000000,,,,,,,,,
1710111749614.578600,995,98523.000000,-10669.000000,,,,,,,,,
1710111749624.786100,996,98503.000000,-10663.000000,0.000000,10620,7,0,,,,,
stop time,1710111749840
elapsed capture time: 0h00m10s
missed packet count: 0
vcpp parser 20220111
